1
1
4
4
4
4
7
7
9
9
34
42
42
45
45
45
46
49
65
65
65
67
67
67
76
79
79
87
87
89
89
90
90
90
96
96
96
100
100
123
123
123
123
123
124
124
124
200
200
200
213
213
312
324
324
324
340
340
340
342
342
342
342
345
345
345
345
345
345
432
432
435
435
435
456
456
468
468
543
543
564
564
673
673
678
678
678
765
765
765
768
777
777
798
798
798
800
800
800
853
872
872
934
972
976
976
978
978
1000
1000
1236
1236
1323
2123
2123
3429
3429
3429
4357
4357
4536
4536
4536
4536
4562
4562
5468
5468
5468
5647
5647
7238
7465
7465
7465
8293
8293
8293
8293
8796
9000
9000
9835
12480
20000
20000
20394
20394
20394
23345
23345
23456
23456
23495
23495
34823
34823
34823
50690
